$ANSIBLE_VAULT;1.1;AES256
64393863303432356232333062633339373638623335323137366663373664383830353164303666
6235616631393837663530313739653039636265633330330a343934613433653137313237613330
63383036336437303762643664666132383938666561306365633666666264373434613331616538
3836323865623766350a353237353636363666356130343837653430383365666664313934376165
65633630363634663161323931343662646532613261333339636432393834316362383330303239
65643636343237316131343265363235353837663431363666636365343961663833303165383264
30356239646239393234613764353730663236373537633338303330623862623363636233316465
39323933333263316232323634313133646364616661373130373562633030643966333433663634
39653136306163343736356434356263313632356435383764396636663136353065666534636265
66393535653462636434396365623732613930363439663164313233366537666336663835373935
65613466633762623262633065386339653965646237656433356134303934653164623035373635
64633466666462663462316533356538313861646236623930626235366366396463363234303638
62623566396661326239656539323631303734643363666538646336343932393839653964323837
38626634643831366632313363626232373933383530333035356465373366333836646235306635
31333037343035646437393865663661386637353464343963663562613561343630373132306537
32376438303633303030386466653863343963323235396564326637323933336330636362396564
37653463333838373430653231616539333536656361346561333837633935613465373936366630
61373236383565613764346332623565636238616634633863656332646135323035306433343538
613334306430373034663033306461663038
