$ANSIBLE_VAULT;1.2;AES256;grafana
36653231333663356161353366613830373637326530313834306165363264666230613736343436
3537393439346362613363353537343561333839653262310a313465626133303038383639336237
37643561623031653837613065316338343231373064316139323763383036343231386630333636
3264376565393435630a326434376637646662353063373737656233386230376634306266366430
36626262333563653031366137613961656638653438373164323931656562643030316565363831
61613932643863323265623630303930646135343736666337636166383237613930396235393631
64613433386134613036643261396131616662303164663262366533356262666337393834666238
35383966656530333235393039383733316634653436633933623834353439343732323863336335
66636364393036363266336161363964353134623534353465643934613532326231633965663833
33653534666338636534626263363733666534633739326462313034383437646135376234633763
35653238663330613433376331633634373534613134656561613133393764373366353439373638
31373037363762363337386331623531306464313864396538303431323835353065656163396230
32623463336163326631613039626561323533623562613562656566626333326465366537316666
3166303864326462636530326263313031376261633832333864
