$ANSIBLE_VAULT;1.1;AES256
32363762653330363637393231353339656366333634323038333837333330396363393263303962
6266383234646635613135333333323466343632316566360a643835313463633637306264363963
35373865343232636162633732393832336433646265303333353534323865343463346437303133
3233363030313839350a393564633832373638376639356437663862356338633437383364353762
61363161333061393338353362653531656236383063616538313164373430653063636433656161
32356333353361376663343132303065383762646161393165366662636530373364643734326538
61363161356437346462653435623736396437356437356161323835663031616163363265366563
39346539353465323162616138623833346439653530653538643636303130313163666266393531
37633165623131346331353330373534363663646339653361343037306363346631643231393539
66366339323437616366653138393161316263373764333664626132656631363161653237306131
35333031306265656539613163643832353765393834343566626366353136386530316661346134
34383765346639343034373937376264396137373033646635636164653330626339633831666530
37373737663031613430666665626162633166643036613635333566303639623862613063313865
33396566323764343731343232616531653564396633356265363764666362326231663231336137
33356436313238333330383733363666653935353264386533363733623134663537636564353733
34303864303230333237
